file	SG1_Chain	SG1_Res_no	SG2_Chain	SG2_Res_no	distance_SG1O2	distance_SG2O2	distance_O2N5	distance_O1N4	delta1	theta1	delta2	theta2	phi_i	psi_i	phi_i+1	psi_i+1	phi_i+2	psi_i+2	phi_i+3	psi_i+3	phi_i+4	psi_i+4	phi_i+5	psi_i+5
1bud.pdb	A	159	A	164	3.62	3.67	5.61	7.05	-73.8	86	-11.800000000000011	119	-133.5	39.0	76.1	51.5	138.2	165.2	-94.1	-34.9	-78.9	104.4	-122.7	-174.9
1f94.pdb	A	6	A	11	9.18	8.36	6.98	2.95	14.6	13	-89.9	116	-111.9	143.3	-142.8	-169.7	-56.9	-28.9	-86.0	-4.8	125.6	-167.9	-112.7	26.2
1f94.pdb	A	56	A	61	4.94	2.9	3.12	7.48	0.5	47	1.0	134	-149.3	161.2	-126.2	24.3	-129.4	162.3	-52.0	126.4	53.7	37.5	-80.7	-19.2
1ff4.pdb	A	58	A	63	4.82	2.8	3.07	7.27	2.5	44	-6.9	136	-152.7	163.1	-118.1	22.7	-117.0	154.0	-49.5	125.2	54.0	29.4	-73.9	-14.9
1noa.pdb	A	88	A	93	8.61	7.84	7.71	6.85	-86.1	41	71.7	129	-68.5	-2.6	-92.4	-14.3	-126.4	14.3	-140.5	152.2	-90.9	99.9	-91.9	151.0
1qrp.pdb	E	45	E	50	4.64	4.24	2.92	6.28	-53.099999999999994	92	58.3	58	-98.9	130.2	-122.7	5.7	-63.3	156.2	-53.0	-42.7	-67.0	-30.4	-70.8	-20.9
1ug4.pdb	A	54	A	59	4.89	2.87	3.26	7.6	6.199999999999989	46	0.0	140	-144.2	167.1	-127.3	31.3	-128.8	156.6	-50.5	130.5	50.1	34.0	-82.7	-12.4
2mcm.pdb	A	88	A	93	8.83	8.13	7.7	7.0	-74.5	35	76.2	124	-76.5	1.9	-97.1	-8.0	-111.1	-42.8	-113.6	161.5	-80.2	127.8	-116.6	163.3
2wnk.pdb	A	48	A	53	4.75	4.51	3.05	7.2	-33.3	27	-89.5	81	-85.8	151.7	-116.5	4.4	-134.9	157.6	-65.8	-20.2	-104.9	13.8	59.5	24.8
2yok.pdb	A	36	A	41	8.98	8.12	7.1	3.04	44.1	16	-84.3	124	-124.2	150.7	-132.5	-177.8	-57.0	-25.4	-81.4	-22.9	149.1	-175.0	-115.6	143.0
2yok.pdb	A	251	A	256	5.22	3.26	2.94	3.07	-14.099999999999994	38	-22.2	121	-118.0	163.8	-119.6	125.8	48.2	-135.5	-61.3	-21.4	-65.3	-11.7	-67.9	-30.5
4xeb.pdb	A	235	A	240	5.23	3.27	3.04	3.11	-11.099999999999994	38	-23.8	124	-103.6	160.7	-118.9	133.5	38.4	-131.1	-71.3	-12.8	-65.8	-7.9	-65.8	-36.5
4xnn.pdb	A	262	A	267	5.89	4.18	3.25	3.5	-37.0	30	-38.4	106	-127.0	156.4	-148.2	166.1	58.5	-144.4	-68.5	-22.0	-63.7	-28.7	-71.3	-17.7
6td9.pdb	A	110	A	115	5.51	3.82	3.06	3.15	-35.19999999999999	41	-40.2	110	-163.1	149.7	-130.5	147.8	59.4	-141.8	-65.2	-18.3	-59.2	-24.4	-76.0	-13.7
6td9.pdb	B	110	B	115	5.8	3.92	3.27	3.31	-24.19999999999999	34	-36.7	121	-147.6	168.2	-152.5	155.9	62.2	-143.5	-58.1	-30.0	-59.1	-26.2	-75.2	-19.6
